ITERACION:0Enfrentamiento: 012[-3.6116 -8.3427][1.21861 2.07583]Aptitudes-3.442414733710192e-780.0013280105248642184Ganador: [-3.6116 -8.3427]Enfrentamiento: 171[-5.02185 -3.02111][-3.6116 -8.3427]Aptitudes1.1073870545795289e-46-3.442414733710192e-78Ganador: [-3.6116 -8.3427]Enfrentamiento: 252[6.68859 1.16392][1.21861 2.07583]Aptitudes-2.501220571370346e-080.0013280105248642184Ganador: [6.68859 1.16392]Enfrentamiento: 330[-5.86529  4.63187][-7.21479  4.03095]Aptitudes4.6788107231036323e-384.4803113215075666e-48Ganador: [-7.21479  4.03095]Enfrentamiento: 412[-3.6116 -8.3427][1.21861 2.07583]Aptitudes-3.442414733710192e-780.0013280105248642184Ganador: [-3.6116 -8.3427]Enfrentamiento: 563[2.38548 6.02049][-5.86529  4.63187]Aptitudes9.975489278011708e-054.6788107231036323e-38Ganador: [-5.86529  4.63187]Enfrentamiento: 636[-5.86529  4.63187][2.38548 6.02049]Aptitudes4.6788107231036323e-389.975489278011708e-05Ganador: [-5.86529  4.63187]Enfrentamiento: 740[-8.98057  1.11985][-7.21479  4.03095]Aptitudes1.0037338984334639e-664.4803113215075666e-48Ganador: [-8.98057  1.11985][[-3.6116  -8.3427 ]
 [-3.6116  -8.3427 ]
 [ 6.68859  1.16392]
 [-7.21479  4.03095]
 [-3.6116  -8.3427 ]
 [-5.86529  4.63187]
 [-5.86529  4.63187]
 [-8.98057  1.11985]]PARENTS12[-3.6116 -8.3427][6.68859 1.16392]CROSS-BLXBETA: 0.88C_05.4525672C_10.02312560000000019PARENTS24[6.68859 1.16392][-3.6116 -8.3427]CROSS-BLXBETA: 0.07C_05.9675766999999995C_10.4984565999999999PARENTS71[-8.98057  1.11985][-3.6116 -8.3427]CROSS-BLXBETA: -0.4HIJO NO FACTIBLE / CALCULANDO NUEBA BETA: 0.68C_0-5.3296703999999995C_1-5.314684PARENTS21[6.68859 1.16392][-3.6116 -8.3427]CROSS-BLXBETA: 1.32C_0-6.907660800000002HIJO NO FACTIBLE / CALCULANDO NUEBA BETA: -0.43C_15.251766600000001PARENTS31[-7.21479  4.03095][-3.6116 -8.3427]CROSS-BLXBETA: 1.25C_0-2.7108025000000007HIJO NO FACTIBLE / CALCULANDO NUEBA BETA: 0.12C_12.546112PARENTS73[-8.98057  1.11985][-7.21479  4.03095]CROSS-BLXBETA: 1.35C_0-6.596767C_15.049835PARENTS36[-7.21479  4.03095][-5.86529  4.63187]CROSS-BLXBETA: 1.22C_0-5.5684000000000005C_14.7640724PARENTS45[-3.6116 -8.3427][-5.86529  4.63187]CROSS-BLXBETA: 1.48C_0-6.9470612HIJO NO FACTIBLE / CALCULANDO NUEBA BETA: 0.41C_1-3.0231263000000013CHILDS / Nueva poblacionPADRES CANDIDATOS:[-3.6116  -8.3427   6.68859  1.16392  6.68859  1.16392 -3.6116  -8.3427
 -8.98057  1.11985 -3.6116  -8.3427   6.68859  1.16392 -3.6116  -8.3427
 -7.21479  4.03095 -3.6116  -8.3427  -8.98057  1.11985 -7.21479  4.03095
 -7.21479  4.03095 -5.86529  4.63187 -3.6116  -8.3427  -5.86529  4.63187]NUEVA POBLACION: [[ 5.4525672  0.0231256]
 [ 5.9675767  0.4984566]
 [-5.3296704 -5.314684 ]
 [-6.9076608  5.2517666]
 [-2.7108025  2.546112 ]
 [-6.596767   5.049835 ]
 [-5.5684     4.7640724]
 [-6.9470612 -3.0231263]]ITERACION:1Enfrentamiento: 070[-6.9470612 -3.0231263][5.4525672 0.0231256]Aptitudes1.5329720666602985e-61-1.9318636705480618e-07Ganador: [5.4525672 0.0231256]Enfrentamiento: 113[5.9675767 0.4984566][-6.9076608  5.2517666]Aptitudes-2.625693702161231e-07-6.724175605051058e-47Ganador: [5.9675767 0.4984566]Enfrentamiento: 263[-5.5684     4.7640724][-6.9076608  5.2517666]Aptitudes-3.1672371176966885e-36-6.724175605051058e-47Ganador: [-5.5684     4.7640724]Enfrentamiento: 331[-6.9076608  5.2517666][5.9675767 0.4984566]Aptitudes-6.724175605051058e-47-2.625693702161231e-07Ganador: [5.9675767 0.4984566]Enfrentamiento: 407[5.4525672 0.0231256][-6.9470612 -3.0231263]Aptitudes-1.9318636705480618e-071.5329720666602985e-61Ganador: [5.4525672 0.0231256]Enfrentamiento: 530[-6.9076608  5.2517666][5.4525672 0.0231256]Aptitudes-6.724175605051058e-47-1.9318636705480618e-07Ganador: [5.4525672 0.0231256]Enfrentamiento: 654[-6.596767  5.049835][-2.7108025  2.546112 ]Aptitudes-5.372598053186569e-44-7.039494349984463e-16Ganador: [-2.7108025  2.546112 ]Enfrentamiento: 773[-6.9470612 -3.0231263][-6.9076608  5.2517666]Aptitudes1.5329720666602985e-61-6.724175605051058e-47Ganador: [-6.9076608  5.2517666][[ 5.4525672  0.0231256]
 [ 5.9675767  0.4984566]
 [-5.5684     4.7640724]
 [ 5.9675767  0.4984566]
 [ 5.4525672  0.0231256]
 [ 5.4525672  0.0231256]
 [-2.7108025  2.546112 ]
 [-6.9076608  5.2517666]]PARENTS64[-2.7108025  2.546112 ][5.4525672 0.0231256]CROSS-BLXBETA: 1.3C_07.90157811C_1-0.7337703199999996PARENTS62[-2.7108025  2.546112 ][-5.5684     4.7640724]CROSS-BLXBETA: -0.41C_0-1.539187525000001C_11.6367482359999999PARENTS16[5.9675767 0.4984566][-2.7108025  2.546112 ]CROSS-BLXBETA: 1.1C_0-3.578640420000002C_12.7508775400000003PARENTS23[-5.5684     4.7640724][5.9675767 0.4984566]CROSS-BLXBETA: -0.2C_0-7.87559534C_15.61719556PARENTS75[-6.9076608  5.2517666][5.4525672 0.0231256]CROSS-BLXBETA: -0.0C_0-6.907660800000002C_15.251766600000001PARENTS24[-5.5684     4.7640724][5.4525672 0.0231256]CROSS-BLXBETA: -0.18C_0-7.552174096000001C_15.617442823999999PARENTS03[5.4525672 0.0231256][5.9675767 0.4984566]CROSS-BLXBETA: 0.65C_05.787323375C_10.33209075000000005PARENTS15[5.9675767 0.4984566][5.4525672 0.0231256]CROSS-BLXBETA: -0.3C_06.12207955C_10.6410558999999998CHILDS / Nueva poblacionPADRES CANDIDATOS:[-2.7108025  2.546112   5.4525672  0.0231256 -2.7108025  2.546112
 -5.5684     4.7640724  5.9675767  0.4984566 -2.7108025  2.546112
 -5.5684     4.7640724  5.9675767  0.4984566 -6.9076608  5.2517666
  5.4525672  0.0231256 -5.5684     4.7640724  5.4525672  0.0231256
  5.4525672  0.0231256  5.9675767  0.4984566  5.9675767  0.4984566
  5.4525672  0.0231256]NUEVA POBLACION: [[ 7.90157811 -0.73377032]
 [-1.53918753  1.63674824]
 [-3.57864042  2.75087754]
 [-7.87559534  5.61719556]
 [-6.9076608   5.2517666 ]
 [-7.5521741   5.61744282]
 [ 5.78732337  0.33209075]
 [ 6.12207955  0.6410559 ]]ITERACION:2Enfrentamiento: 010[-1.53918753  1.63674824][ 7.90157811 -0.73377032]Aptitudes6.605421939105028e-141.5337778170233783e-18Ganador: [ 7.90157811 -0.73377032]Enfrentamiento: 127[-3.57864042  2.75087754][6.12207955 0.6410559 ]Aptitudes-1.7514546018529445e-20-2.1122655295419368e-07Ganador: [6.12207955 0.6410559 ]Enfrentamiento: 251[-7.5521741   5.61744282][-1.53918753  1.63674824]Aptitudes-1.1019922912830487e-536.605421939105028e-14Ganador: [-7.5521741   5.61744282]Enfrentamiento: 361[5.78732337 0.33209075][-1.53918753  1.63674824]Aptitudes-2.8302991789875466e-076.605421939105028e-14Ganador: [5.78732337 0.33209075]Enfrentamiento: 431[-7.87559534  5.61719556][-1.53918753  1.63674824]Aptitudes7.156200599378684e-586.605421939105028e-14Ganador: [-7.87559534  5.61719556]Enfrentamiento: 551[-7.5521741   5.61744282][-1.53918753  1.63674824]Aptitudes-1.1019922912830487e-536.605421939105028e-14Ganador: [-7.5521741   5.61744282]Enfrentamiento: 674[6.12207955 0.6410559 ][-6.9076608  5.2517666]Aptitudes-2.1122655295419368e-07-6.724175605051058e-47Ganador: [6.12207955 0.6410559 ]Enfrentamiento: 771[6.12207955 0.6410559 ][-1.53918753  1.63674824]Aptitudes-2.1122655295419368e-076.605421939105028e-14Ganador: [6.12207955 0.6410559 ][[ 7.90157811 -0.73377032]
 [ 6.12207955  0.6410559 ]
 [-7.5521741   5.61744282]
 [ 5.78732337  0.33209075]
 [-7.87559534  5.61719556]
 [-7.5521741   5.61744282]
 [ 6.12207955  0.6410559 ]
 [ 6.12207955  0.6410559 ]]PARENTS14[6.12207955 0.6410559 ][-7.87559534  5.61719556]CROSS-BLXBETA: 1.0C_0-7.875595339999999C_15.61719556PARENTS51[-7.5521741   5.61744282][6.12207955 0.6410559 ]CROSS-BLXBETA: 1.14C_08.036475060439997C_1-0.05563826936000016PARENTS75[6.12207955 0.6410559 ][-7.5521741   5.61744282]CROSS-BLXBETA: 1.17C_0-9.876797215819998C_16.463428601079999PARENTS31[5.78732337 0.33209075][6.12207955 0.6410559 ]CROSS-BLXBETA: 0.99C_06.1187319882499995C_10.6379662484999997PARENTS65[6.12207955 0.6410559 ][-7.5521741   5.61744282]CROSS-BLXBETA: -0.16C_08.30996013336C_1-0.15516600784000023PARENTS20[-7.5521741   5.61744282][ 7.90157811 -0.73377032]CROSS-BLXBETA: 0.1C_0-6.0067988754C_14.982321509599999PARENTS74[6.12207955 0.6410559 ][-7.87559534  5.61719556]CROSS-BLXBETA: -0.35HIJO NO FACTIBLE / CALCULANDO NUEBA BETA: 1.06C_0-8.7154558334C_15.915763939600001PARENTS04[ 7.90157811 -0.73377032][-7.87559534  5.61719556]CROSS-BLXBETA: 0.63C_0-2.0380411635C_13.2673381844CHILDS / Nueva poblacionPADRES CANDIDATOS:[ 6.12207955  0.6410559  -7.87559534  5.61719556 -7.5521741   5.61744282
  6.12207955  0.6410559   6.12207955  0.6410559  -7.5521741   5.61744282
  5.78732337  0.33209075  6.12207955  0.6410559   6.12207955  0.6410559
 -7.5521741   5.61744282 -7.5521741   5.61744282  7.90157811 -0.73377032
  6.12207955  0.6410559  -7.87559534  5.61719556  7.90157811 -0.73377032
 -7.87559534  5.61719556]NUEVA POBLACION: [[-7.87559534  5.61719556]
 [ 8.03647506 -0.05563827]
 [-9.87679722  6.4634286 ]
 [ 6.11873199  0.63796625]
 [ 8.30996013 -0.15516601]
 [-6.00679888  4.98232151]
 [-8.71545583  5.91576394]
 [-2.03804116  3.26733818]]ITERACION:3Enfrentamiento: 054[-6.00679888  4.98232151][ 8.30996013 -0.15516601]Aptitudes-3.892378396810203e-392.0771856056807525e-17Ganador: [-6.00679888  4.98232151]Enfrentamiento: 130[6.11873199 0.63796625][-7.87559534  5.61719556]Aptitudes-2.1254674203657768e-077.15620059937839e-58Ganador: [6.11873199 0.63796625]Enfrentamiento: 236[6.11873199 0.63796625][-8.71545583  5.91576394]Aptitudes-2.1254674203657768e-072.8216408810480845e-65Ganador: [6.11873199 0.63796625]Enfrentamiento: 317[ 8.03647506 -0.05563827][-2.03804116  3.26733818]Aptitudes2.588440538959615e-16-9.81296236776465e-13Ganador: [-2.03804116  3.26733818]Enfrentamiento: 435[6.11873199 0.63796625][-6.00679888  4.98232151]Aptitudes-2.1254674203657768e-07-3.892378396810203e-39Ganador: [6.11873199 0.63796625]Enfrentamiento: 557[-6.00679888  4.98232151][-2.03804116  3.26733818]Aptitudes-3.892378396810203e-39-9.81296236776465e-13Ganador: [-2.03804116  3.26733818]Enfrentamiento: 620[-9.87679722  6.4634286 ][-7.87559534  5.61719556]Aptitudes3.557219358173104e-797.15620059937839e-58Ganador: [-9.87679722  6.4634286 ]Enfrentamiento: 767[-8.71545583  5.91576394][-2.03804116  3.26733818]Aptitudes2.8216408810480845e-65-9.81296236776465e-13Ganador: [-2.03804116  3.26733818][[-6.00679888  4.98232151]
 [ 6.11873199  0.63796625]
 [ 6.11873199  0.63796625]
 [-2.03804116  3.26733818]
 [ 6.11873199  0.63796625]
 [-2.03804116  3.26733818]
 [-9.87679722  6.4634286 ]
 [-2.03804116  3.26733818]]PARENTS36[-2.03804116  3.26733818][-9.87679722  6.4634286 ]CROSS-BLXBETA: -0.15C_0-0.8622277556520004C_12.787924621898PARENTS02[-6.00679888  4.98232151][6.11873199 0.63796625]CROSS-BLXBETA: 0.44C_0-0.671565295394001C_13.0708051947159998PARENTS65[-9.87679722  6.4634286 ][-2.03804116  3.26733818]CROSS-BLXBETA: 0.02C_0-9.720022094773599C_16.399506792746399PARENTS62[-9.87679722  6.4634286 ][6.11873199 0.63796625]CROSS-BLXBETA: 1.37HIJO NO FACTIBLE / CALCULANDO NUEBA BETA: 1.11C_07.8782402006977C_1-0.0028346102838003873PARENTS07[-6.00679888  4.98232151][-2.03804116  3.26733818]CROSS-BLXBETA: 0.26C_0-4.974921870306C_14.536425845047999PARENTS36[-2.03804116  3.26733818][-9.87679722  6.4634286 ]CROSS-BLXBETA: 1.48HIJO NO FACTIBLE / CALCULANDO NUEBA BETA: -0.18C_0-0.6270650740824004C_12.6920419093976PARENTS13[6.11873199 0.63796625][-2.03804116  3.26733818]CROSS-BLXBETA: 0.99C_0-1.9564734319824986C_13.241044465041PARENTS32[-2.03804116  3.26733818][6.11873199 0.63796625]CROSS-BLXBETA: -0.5C_0-6.116427739374999C_14.58202415235CHILDS / Nueva poblacionPADRES CANDIDATOS:[-2.03804116  3.26733818 -9.87679722  6.4634286  -6.00679888  4.98232151
  6.11873199  0.63796625 -9.87679722  6.4634286  -2.03804116  3.26733818
 -9.87679722  6.4634286   6.11873199  0.63796625 -6.00679888  4.98232151
 -2.03804116  3.26733818 -2.03804116  3.26733818 -9.87679722  6.4634286
  6.11873199  0.63796625 -2.03804116  3.26733818 -2.03804116  3.26733818
  6.11873199  0.63796625]NUEVA POBLACION: [[-8.62227756e-01  2.78792462e+00]
 [-6.71565295e-01  3.07080519e+00]
 [-9.72002209e+00  6.39950679e+00]
 [ 7.87824020e+00 -2.83461028e-03]
 [-4.97492187e+00  4.53642585e+00]
 [-6.27065074e-01  2.69204191e+00]
 [-1.95647343e+00  3.24104447e+00]
 [-6.11642774e+00  4.58202415e+00]]ITERACION:4Enfrentamiento: 007[-0.86222776  2.78792462][-6.11642774  4.58202415]Aptitudes5.879659178142561e-089.615705590572949e-40Ganador: [-6.11642774  4.58202415]Enfrentamiento: 120[-9.72002209  6.39950679][-0.86222776  2.78792462]Aptitudes3.3632244039046006e-775.879659178142561e-08Ganador: [-9.72002209  6.39950679]Enfrentamiento: 236[ 7.87824020e+00 -2.83461028e-03][-1.95647343  3.24104447]Aptitudes2.223363475647317e-16-1.9121516535637916e-12Ganador: [-1.95647343  3.24104447]Enfrentamiento: 371[-6.11642774  4.58202415][-0.6715653   3.07080519]Aptitudes9.615705590572949e-403.764397629896559e-07Ganador: [-6.11642774  4.58202415]Enfrentamiento: 465[-1.95647343  3.24104447][-0.62706507  2.69204191]Aptitudes-1.9121516535637916e-124.0452602121140656e-07Ganador: [-1.95647343  3.24104447]Enfrentamiento: 531[ 7.87824020e+00 -2.83461028e-03][-0.6715653   3.07080519]Aptitudes2.223363475647317e-163.764397629896559e-07Ganador: [ 7.87824020e+00 -2.83461028e-03]Enfrentamiento: 650[-0.62706507  2.69204191][-0.86222776  2.78792462]Aptitudes4.0452602121140656e-075.879659178142561e-08Ganador: [-0.86222776  2.78792462]Enfrentamiento: 714[-0.6715653   3.07080519][-4.97492187  4.53642585]Aptitudes3.764397629896559e-071.5923819210270954e-31Ganador: [-4.97492187  4.53642585][[-6.11642774e+00  4.58202415e+00]
 [-9.72002209e+00  6.39950679e+00]
 [-1.95647343e+00  3.24104447e+00]
 [-6.11642774e+00  4.58202415e+00]
 [-1.95647343e+00  3.24104447e+00]
 [ 7.87824020e+00 -2.83461028e-03]
 [-8.62227756e-01  2.78792462e+00]
 [-4.97492187e+00  4.53642585e+00]]PARENTS02[-6.11642774  4.58202415][-1.95647343  3.24104447]CROSS-BLXBETA: 1.16C_0-1.2908807427996987C_13.02648771507156PARENTS63[-0.86222776  2.78792462][-6.11642774  4.58202415]CROSS-BLXBETA: 0.17C_0-1.7554417528849102C_13.09292154207484PARENTS76[-4.97492187  4.53642585][-0.86222776  2.78792462]CROSS-BLXBETA: 0.71C_0-2.0549090489016604C_13.2949899766115PARENTS21[-1.95647343  3.24104447][-9.72002209  6.39950679]CROSS-BLXBETA: 0.1C_0-2.732828298261609C_13.5568906978115398PARENTS62[-0.86222776  2.78792462][-1.95647343  3.24104447]CROSS-BLXBETA: -0.39C_0-0.43547194188310606C_12.6112078830722303PARENTS60[-0.86222776  2.78792462][-6.11642774  4.58202415]CROSS-BLXBETA: 0.13C_0-1.5452737535359904C_13.0211575608567602PARENTS37[-6.11642774  4.58202415][-4.97492187  4.53642585]CROSS-BLXBETA: -0.02C_0-6.139257856756379C_14.58293611849604PARENTS37[-6.11642774  4.58202415][-4.97492187  4.53642585]CROSS-BLXBETA: 1.39C_0-4.52973458136909C_14.518642505200218CHILDS / Nueva poblacionPADRES CANDIDATOS:[-6.11642774  4.58202415 -1.95647343  3.24104447 -0.86222776  2.78792462
 -6.11642774  4.58202415 -4.97492187  4.53642585 -0.86222776  2.78792462
 -1.95647343  3.24104447 -9.72002209  6.39950679 -0.86222776  2.78792462
 -1.95647343  3.24104447 -0.86222776  2.78792462 -6.11642774  4.58202415
 -6.11642774  4.58202415 -4.97492187  4.53642585 -6.11642774  4.58202415
 -4.97492187  4.53642585]NUEVA POBLACION: [[-1.29088074  3.02648772]
 [-1.75544175  3.09292154]
 [-2.05490905  3.29498998]
 [-2.7328283   3.5568907 ]
 [-0.43547194  2.61120788]
 [-1.54527375  3.02115756]
 [-6.13925786  4.58293612]
 [-4.52973458  4.51864251]]ITERACION:5Enfrentamiento: 060[-6.13925786  4.58293612][-1.29088074  3.02648772]Aptitudes6.259623205963441e-407.946899452501997e-10Ganador: [-6.13925786  4.58293612]Enfrentamiento: 173[-4.52973458  4.51864251][-2.7328283  3.5568907]Aptitudes-1.4530426747850086e-28-7.280882847526742e-16Ganador: [-2.7328283  3.5568907]Enfrentamiento: 214[-1.75544175  3.09292154][-0.43547194  2.61120788]Aptitudes-7.039341659116246e-121.6372960933135266e-06Ganador: [-1.75544175  3.09292154]Enfrentamiento: 302[-1.29088074  3.02648772][-2.05490905  3.29498998]Aptitudes7.946899452501997e-10-8.413399341997054e-13Ganador: [-2.05490905  3.29498998]Enfrentamiento: 452[-1.54527375  3.02115756][-2.05490905  3.29498998]Aptitudes7.201067784116621e-12-8.413399341997054e-13Ganador: [-2.05490905  3.29498998]Enfrentamiento: 546[-0.43547194  2.61120788][-6.13925786  4.58293612]Aptitudes1.6372960933135266e-066.259623205963441e-40Ganador: [-6.13925786  4.58293612]Enfrentamiento: 624[-2.05490905  3.29498998][-0.43547194  2.61120788]Aptitudes-8.413399341997054e-131.6372960933135266e-06Ganador: [-2.05490905  3.29498998]Enfrentamiento: 770[-4.52973458  4.51864251][-1.29088074  3.02648772]Aptitudes-1.4530426747850086e-287.946899452501997e-10Ganador: [-4.52973458  4.51864251][[-6.13925786  4.58293612]
 [-2.7328283   3.5568907 ]
 [-1.75544175  3.09292154]
 [-2.05490905  3.29498998]
 [-2.05490905  3.29498998]
 [-6.13925786  4.58293612]
 [-2.05490905  3.29498998]
 [-4.52973458  4.51864251]]PARENTS70[-4.52973458  4.51864251][-6.13925786  4.58293612]CROSS-BLXBETA: 0.31C_0-5.02868679673915C_14.538573525321923PARENTS71[-4.52973458  4.51864251][-2.7328283  3.5568907]CROSS-BLXBETA: 0.25C_0-4.08050801059222C_14.278204553353048PARENTS03[-6.13925786  4.58293612][-2.05490905  3.29498998]CROSS-BLXBETA: 0.97C_0-2.1774395131373026C_13.333628360868036PARENTS23[-1.75544175  3.09292154][-2.05490905  3.29498998]CROSS-BLXBETA: 1.44C_0-2.1866746591490305C_13.38390008780763PARENTS24[-1.75544175  3.09292154][-2.05490905  3.29498998]CROSS-BLXBETA: 0.02C_0-1.7614310988052453C_13.096962910765573PARENTS13[-2.7328283  3.5568907][-2.05490905  3.29498998]CROSS-BLXBETA: 0.56C_0-2.3531935186200377C_13.4102262939395174PARENTS23[-1.75544175  3.09292154][-2.05490905  3.29498998]CROSS-BLXBETA: 0.66C_0-1.9530901682559654C_13.2262867088690355PARENTS52[-6.13925786  4.58293612][-1.75544175  3.09292154]CROSS-BLXBETA: 0.34C_0-4.64876038144008C_14.076331162512832CHILDS / Nueva poblacionPADRES CANDIDATOS:[-4.52973458  4.51864251 -6.13925786  4.58293612 -4.52973458  4.51864251
 -2.7328283   3.5568907  -6.13925786  4.58293612 -2.05490905  3.29498998
 -1.75544175  3.09292154 -2.05490905  3.29498998 -1.75544175  3.09292154
 -2.05490905  3.29498998 -2.7328283   3.5568907  -2.05490905  3.29498998
 -1.75544175  3.09292154 -2.05490905  3.29498998 -6.13925786  4.58293612
 -1.75544175  3.09292154]NUEVA POBLACION: [[-5.0286868   4.53857353]
 [-4.08050801  4.27820455]
 [-2.17743951  3.33362836]
 [-2.18667466  3.38390009]
 [-1.7614311   3.09696291]
 [-2.35319352  3.41022629]
 [-1.95309017  3.22628671]
 [-4.64876038  4.07633116]]ITERACION:6Enfrentamiento: 047[-1.7614311   3.09696291][-4.64876038  4.07633116]Aptitudes-6.8546755907650215e-12-6.92706799368678e-29Ganador: [-1.7614311   3.09696291]Enfrentamiento: 104[-5.0286868   4.53857353][-1.7614311   3.09696291]Aptitudes7.807607121934021e-32-6.8546755907650215e-12Ganador: [-1.7614311   3.09696291]Enfrentamiento: 213[-4.08050801  4.27820455][-2.18667466  3.38390009]Aptitudes-1.5204462837613092e-24-2.4745778701392206e-13Ganador: [-2.18667466  3.38390009]Enfrentamiento: 326[-2.17743951  3.33362836][-1.95309017  3.22628671]Aptitudes-2.7847302332490393e-13-1.9707624908955427e-12Ganador: [-1.95309017  3.22628671]Enfrentamiento: 426[-2.17743951  3.33362836][-1.95309017  3.22628671]Aptitudes-2.7847302332490393e-13-1.9707624908955427e-12Ganador: [-1.95309017  3.22628671]Enfrentamiento: 563[-1.95309017  3.22628671][-2.18667466  3.38390009]Aptitudes-1.9707624908955427e-12-2.4745778701392206e-13Ganador: [-1.95309017  3.22628671]Enfrentamiento: 650[-2.35319352  3.41022629][-5.0286868   4.53857353]Aptitudes-4.880482459217515e-147.807607121934021e-32Ganador: [-2.35319352  3.41022629]Enfrentamiento: 746[-1.7614311   3.09696291][-1.95309017  3.22628671]Aptitudes-6.8546755907650215e-12-1.9707624908955427e-12Ganador: [-1.7614311   3.09696291][[-1.7614311   3.09696291]
 [-1.7614311   3.09696291]
 [-2.18667466  3.38390009]
 [-1.95309017  3.22628671]
 [-1.95309017  3.22628671]
 [-1.95309017  3.22628671]
 [-2.35319352  3.41022629]
 [-1.7614311   3.09696291]]PARENTS52[-1.95309017  3.22628671][-2.18667466  3.38390009]CROSS-BLXBETA: 1.03C_0-2.1936821938758224C_13.388628489175788PARENTS63[-2.35319352  3.41022629][-1.95309017  3.22628671]CROSS-BLXBETA: 0.93C_0-1.9810974027814505C_13.2391624798239693PARENTS50[-1.95309017  3.22628671][-1.7614311   3.09696291]CROSS-BLXBETA: 0.19C_0-1.9166749450603286C_13.2017151872293774PARENTS26[-2.18667466  3.38390009][-2.35319352  3.41022629]CROSS-BLXBETA: 0.72C_0-2.306568237968156C_13.402854956222589PARENTS36[-1.95309017  3.22628671][-2.35319352  3.41022629]CROSS-BLXBETA: 1.13C_0-2.405206954167367C_13.43413843999868PARENTS31[-1.95309017  3.22628671][-1.7614311   3.09696291]CROSS-BLXBETA: 1.05C_0-1.7518481453327093C_13.0904967208604PARENTS50[-1.95309017  3.22628671][-1.7614311   3.09696291]CROSS-BLXBETA: 1.47C_0-1.671351336163407C_13.036180725656946PARENTS13[-1.7614311   3.09696291][-1.95309017  3.22628671]CROSS-BLXBETA: 1.01C_0-1.9550067589504725C_13.22757994685007CHILDS / Nueva poblacionPADRES CANDIDATOS:[-1.95309017  3.22628671 -2.18667466  3.38390009 -2.35319352  3.41022629
 -1.95309017  3.22628671 -1.95309017  3.22628671 -1.7614311   3.09696291
 -2.18667466  3.38390009 -2.35319352  3.41022629 -1.95309017  3.22628671
 -2.35319352  3.41022629 -1.95309017  3.22628671 -1.7614311   3.09696291
 -1.95309017  3.22628671 -1.7614311   3.09696291 -1.7614311   3.09696291
 -1.95309017  3.22628671]NUEVA POBLACION: [[-2.19368219  3.38862849]
 [-1.9810974   3.23916248]
 [-1.91667495  3.20171519]
 [-2.30656824  3.40285496]
 [-2.40520695  3.43413844]
 [-1.75184815  3.09049672]
 [-1.67135134  3.03618073]
 [-1.95500676  3.22757995]]ITERACION:7Enfrentamiento: 053[-1.75184815  3.09049672][-2.30656824  3.40285496]Aptitudes-7.148483451663375e-12-7.785035726317885e-14Ganador: [-1.75184815  3.09049672]Enfrentamiento: 134[-2.30656824  3.40285496][-2.40520695  3.43413844]Aptitudes-7.785035726317885e-14-2.8301158881336526e-14Ganador: [-2.30656824  3.40285496]Enfrentamiento: 214[-1.9810974   3.23916248][-2.40520695  3.43413844]Aptitudes-1.577275963696829e-12-2.8301158881336526e-14Ganador: [-1.9810974   3.23916248]Enfrentamiento: 321[-1.91667495  3.20171519][-1.9810974   3.23916248]Aptitudes-2.606063066435779e-12-1.577275963696829e-12Ganador: [-1.91667495  3.20171519]Enfrentamiento: 452[-1.75184815  3.09049672][-1.91667495  3.20171519]Aptitudes-7.148483451663375e-12-2.606063066435779e-12Ganador: [-1.75184815  3.09049672]Enfrentamiento: 503[-2.19368219  3.38862849][-2.30656824  3.40285496]Aptitudes-2.310996904175754e-13-7.785035726317885e-14Ganador: [-2.19368219  3.38862849]Enfrentamiento: 606[-2.19368219  3.38862849][-1.67135134  3.03618073]Aptitudes-2.310996904175754e-13-8.594971344862719e-12Ganador: [-1.67135134  3.03618073]Enfrentamiento: 736[-2.30656824  3.40285496][-1.67135134  3.03618073]Aptitudes-7.785035726317885e-14-8.594971344862719e-12Ganador: [-1.67135134  3.03618073][[-1.75184815  3.09049672]
 [-2.30656824  3.40285496]
 [-1.9810974   3.23916248]
 [-1.91667495  3.20171519]
 [-1.75184815  3.09049672]
 [-2.19368219  3.38862849]
 [-1.67135134  3.03618073]
 [-1.67135134  3.03618073]]PARENTS71[-1.67135134  3.03618073][-2.30656824  3.40285496]CROSS-BLXBETA: -0.22C_0-1.5316036177663621C_12.9555123949325046PARENTS02[-1.75184815  3.09049672][-1.9810974   3.23916248]CROSS-BLXBETA: 0.72C_0-1.916907610695803C_13.1975360673141697PARENTS72[-1.67135134  3.03618073][-1.9810974   3.23916248]CROSS-BLXBETA: 0.84C_0-1.9315380321225635C_13.2066853991572457PARENTS31[-1.91667495  3.20171519][-2.30656824  3.40285496]CROSS-BLXBETA: -0.31C_0-1.7958080242589023C_13.139361858841482PARENTS07[-1.75184815  3.09049672][-1.67135134  3.03618073]CROSS-BLXBETA: 1.47C_0-1.633517835853835C_13.0106522079113223PARENTS25[-1.9810974   3.23916248][-2.19368219  3.38862849]CROSS-BLXBETA: 0.72C_0-2.134158452369398C_13.3467780065572788PARENTS65[-1.67135134  3.03618073][-2.19368219  3.38862849]CROSS-BLXBETA: 0.35C_0-1.8541671363627523C_13.1595374428885408PARENTS02[-1.75184815  3.09049672][-1.9810974   3.23916248]CROSS-BLXBETA: 1.18C_0-2.022362269122224C_13.2659223164374116CHILDS / Nueva poblacionPADRES CANDIDATOS:[-1.67135134  3.03618073 -2.30656824  3.40285496 -1.75184815  3.09049672
 -1.9810974   3.23916248 -1.67135134  3.03618073 -1.9810974   3.23916248
 -1.91667495  3.20171519 -2.30656824  3.40285496 -1.75184815  3.09049672
 -1.67135134  3.03618073 -1.9810974   3.23916248 -2.19368219  3.38862849
 -1.67135134  3.03618073 -2.19368219  3.38862849 -1.75184815  3.09049672
 -1.9810974   3.23916248]NUEVA POBLACION: [[-1.53160362  2.95551239]
 [-1.91690761  3.19753607]
 [-1.93153803  3.2066854 ]
 [-1.79580802  3.13936186]
 [-1.63351784  3.01065221]
 [-2.13415845  3.34677801]
 [-1.85416714  3.15953744]
 [-2.02236227  3.26592232]]ITERACION:8Enfrentamiento: 043[-1.63351784  3.01065221][-1.79580802  3.13936186]Aptitudes-7.643775265396543e-12-5.7720808247065705e-12Ganador: [-1.63351784  3.01065221]Enfrentamiento: 154[-2.13415845  3.34677801][-1.63351784  3.01065221]Aptitudes-4.093726152437373e-13-7.643775265396543e-12Ganador: [-1.63351784  3.01065221]Enfrentamiento: 250[-2.13415845  3.34677801][-1.53160362  2.95551239]Aptitudes-4.093726152437373e-131.219099443697582e-11Ganador: [-2.13415845  3.34677801]Enfrentamiento: 361[-1.85416714  3.15953744][-1.91690761  3.19753607]Aptitudes-4.049138216660592e-12-2.6035088983221856e-12Ganador: [-1.85416714  3.15953744]Enfrentamiento: 430[-1.79580802  3.13936186][-1.53160362  2.95551239]Aptitudes-5.7720808247065705e-121.219099443697582e-11Ganador: [-1.79580802  3.13936186]Enfrentamiento: 575[-2.02236227  3.26592232][-2.13415845  3.34677801]Aptitudes-1.1186590345778597e-12-4.093726152437373e-13Ganador: [-2.02236227  3.26592232]Enfrentamiento: 641[-1.63351784  3.01065221][-1.91690761  3.19753607]Aptitudes-7.643775265396543e-12-2.6035088983221856e-12Ganador: [-1.63351784  3.01065221]Enfrentamiento: 746[-1.63351784  3.01065221][-1.85416714  3.15953744]Aptitudes-7.643775265396543e-12-4.049138216660592e-12Ganador: [-1.63351784  3.01065221][[-1.63351784  3.01065221]
 [-1.63351784  3.01065221]
 [-2.13415845  3.34677801]
 [-1.85416714  3.15953744]
 [-1.79580802  3.13936186]
 [-2.02236227  3.26592232]
 [-1.63351784  3.01065221]
 [-1.63351784  3.01065221]]PARENTS13[-1.63351784  3.01065221][-1.85416714  3.15953744]CROSS-BLXBETA: -0.23C_0-1.5827684967367839C_12.976408603866562PARENTS52[-2.02236227  3.26592232][-2.13415845  3.34677801]CROSS-BLXBETA: 0.79C_0-2.1106812538874915C_13.3297983116321066PARENTS04[-1.63351784  3.01065221][-1.79580802  3.13936186]CROSS-BLXBETA: -0.46C_0-1.5588643491875038C_12.951445768483449PARENTS31[-1.85416714  3.15953744][-1.63351784  3.01065221]CROSS-BLXBETA: 0.0C_0-1.8541671363627523C_13.1595374428885408PARENTS56[-2.02236227  3.26592232][-1.63351784  3.01065221]CROSS-BLXBETA: 0.72C_0-1.7423942771689838C_13.0821278382986272PARENTS35[-1.85416714  3.15953744][-2.02236227  3.26592232]CROSS-BLXBETA: 1.03C_0-2.027408123105008C_13.2691138626438776PARENTS50[-2.02236227  3.26592232][-1.63351784  3.01065221]CROSS-BLXBETA: 1.26C_0-1.5324182832040538C_12.944281979694539PARENTS50[-2.02236227  3.26592232][-1.63351784  3.01065221]CROSS-BLXBETA: 1.4C_0-1.4779800625464794C_12.9085441645008867CHILDS / Nueva poblacionPADRES CANDIDATOS:[-1.63351784  3.01065221 -1.85416714  3.15953744 -2.02236227  3.26592232
 -2.13415845  3.34677801 -1.63351784  3.01065221 -1.79580802  3.13936186
 -1.85416714  3.15953744 -1.63351784  3.01065221 -2.02236227  3.26592232
 -1.63351784  3.01065221 -1.85416714  3.15953744 -2.02236227  3.26592232
 -2.02236227  3.26592232 -1.63351784  3.01065221 -2.02236227  3.26592232
 -1.63351784  3.01065221]NUEVA POBLACION: [[-1.5827685   2.9764086 ]
 [-2.11068125  3.32979831]
 [-1.55886435  2.95144577]
 [-1.85416714  3.15953744]
 [-1.74239428  3.08212784]
 [-2.02740812  3.26911386]
 [-1.53241828  2.94428198]
 [-1.47798006  2.90854416]]ITERACION:9Enfrentamiento: 013[-2.11068125  3.32979831][-1.85416714  3.15953744]Aptitudes-5.096366993484527e-13-4.049138216660592e-12Ganador: [-1.85416714  3.15953744]Enfrentamiento: 141[-1.74239428  3.08212784][-2.11068125  3.32979831]Aptitudes-7.425159246293023e-12-5.096366993484527e-13Ganador: [-1.74239428  3.08212784]Enfrentamiento: 223[-1.55886435  2.95144577][-1.85416714  3.15953744]Aptitudes2.868600577647634e-12-4.049138216660592e-12Ganador: [-1.85416714  3.15953744]Enfrentamiento: 340[-1.74239428  3.08212784][-1.5827685  2.9764086]Aptitudes-7.425159246293023e-12-2.3285535963963314e-12Ganador: [-1.74239428  3.08212784]Enfrentamiento: 417[-2.11068125  3.32979831][-1.47798006  2.90854416]Aptitudes-5.096366993484527e-134.607555692796154e-11Ganador: [-2.11068125  3.32979831]Enfrentamiento: 502[-1.5827685  2.9764086][-1.55886435  2.95144577]Aptitudes-2.3285535963963314e-122.868600577647634e-12Ganador: [-1.5827685  2.9764086]Enfrentamiento: 606[-1.5827685  2.9764086][-1.53241828  2.94428198]Aptitudes-2.3285535963963314e-121.1770574586872486e-11Ganador: [-1.5827685  2.9764086]Enfrentamiento: 761[-1.53241828  2.94428198][-2.11068125  3.32979831]Aptitudes1.1770574586872486e-11-5.096366993484527e-13Ganador: [-2.11068125  3.32979831][[-1.85416714  3.15953744]
 [-1.74239428  3.08212784]
 [-1.85416714  3.15953744]
 [-1.74239428  3.08212784]
 [-2.11068125  3.32979831]
 [-1.5827685   2.9764086 ]
 [-1.5827685   2.9764086 ]
 [-2.11068125  3.32979831]]PARENTS41[-2.11068125  3.32979831][-1.74239428  3.08212784]CROSS-BLXBETA: 0.93C_0-1.7681743655392794C_13.099464771431971PARENTS40[-2.11068125  3.32979831][-1.85416714  3.15953744]CROSS-BLXBETA: 1.1C_0-1.8285157246102783C_13.142511356014184PARENTS71[-2.11068125  3.32979831][-1.74239428  3.08212784]CROSS-BLXBETA: 0.49C_0-1.9302206352954228C_13.208439779698702PARENTS26[-1.85416714  3.15953744][-1.5827685  2.9764086]CROSS-BLXBETA: -0.23C_0-1.916588823476725C_13.201657075863596PARENTS50[-1.5827685  2.9764086][-1.85416714  3.15953744]CROSS-BLXBETA: 0.97C_0-1.8460251771739733C_13.1540435777178812PARENTS37[-1.74239428  3.08212784][-2.11068125  3.32979831]CROSS-BLXBETA: -0.46C_0-1.5729822678784702C_12.968199420565227PARENTS73[-2.11068125  3.32979831][-1.74239428  3.08212784]CROSS-BLXBETA: 0.18C_0-2.04438959807816C_13.2852176264320803PARENTS54[-1.5827685  2.9764086][-2.11068125  3.32979831]CROSS-BLXBETA: 0.82C_0-2.0156569576003642C_13.2661881642343085CHILDS / Nueva poblacionPADRES CANDIDATOS:[-2.11068125  3.32979831 -1.74239428  3.08212784 -2.11068125  3.32979831
 -1.85416714  3.15953744 -2.11068125  3.32979831 -1.74239428  3.08212784
 -1.85416714  3.15953744 -1.5827685   2.9764086  -1.5827685   2.9764086
 -1.85416714  3.15953744 -1.74239428  3.08212784 -2.11068125  3.32979831
 -2.11068125  3.32979831 -1.74239428  3.08212784 -1.5827685   2.9764086
 -2.11068125  3.32979831]NUEVA POBLACION: [[-1.76817437  3.09946477]
 [-1.82851572  3.14251136]
 [-1.93022064  3.20843978]
 [-1.91658882  3.20165708]
 [-1.84602518  3.15404358]
 [-1.57298227  2.96819942]
 [-2.0443896   3.28521763]
 [-2.01565696  3.26618816]]PRIMERA GENERACION: [[-7.21479  4.03095]
 [-3.6116  -8.3427 ]
 [ 1.21861  2.07583]
 [-5.86529  4.63187]
 [-8.98057  1.11985]
 [ 6.68859  1.16392]
 [ 2.38548  6.02049]
 [-5.02185 -3.02111]]